err_6:  -0.113461273397
err_5 =  -0.0011326458828
err_4 =  -0.00139622186704
err_3 =  -0.00446113365881
w_56 =  0.372989171348
w_46 =  0.679690432062
w_36 =  -0.629515369805
err_2 =  0
err_1 =  0
w_25 =  0.477347082344
w_24 =  -3.02792443734
w_23 =  1.91077732682
w_15 =  3.98867354117
w_14 =  1.98603778133
w_13 =  -3.04461133659